4,9
5,10
5,11
6,11
6,12
6,13
7,13
8,14
9,14
9,15
8,16
8,17
9,17
10,18
11,19
11,20
11,21
11,22
12,22
13,23
13,24
13,25
13,26
14,26
15,27
15,28
15,29
15,30
16,31
16,32
17,32
18,33
19,33
20,34
21,35
22,35
23,36
24,36
24,37
25,38
26,39
27,39
27,40
28,41
29,41
29,42
30,42
30,43
30,44
30,45
29,46
28,47
27,48
26,48
25,48
24,48
23,47
22,47
21,47
22,48
23,49
24,50
25,50
26,51
26,52
26,53
27,53
28,54
29,53
30,54
30,55
31,55
32,55
33,56
34,57
35,56
36,56
37,57
38,57
38,58
39,59
40,59
41,60
42,60
43,61
44,61
45,62
46,63
46,64
46,65
47,66
47,67
47,68
46,69
46,70
46,71
45,72
45,73
46,73
46,74
47,75
48,75
49,76
50,77
51,76
52,77
53,77
54,78
55,78
56,79
57,80
58,81
59,82
60,82
61,83
62,83
62,84
63,85
63,86
63,87
64,88
65,89
66,88
67,87
68,87
69,86
69,85
69,84
69,83
68,83
67,82
67,81
66,80
66,79
65,79
64,79
64,78
63,77
62,76
61,77
61,78
60,78
59,77
58,76
58,75
58,74
59,73
58,72
57,71
57,70
56,69
56,68
55,67
54,66
54,65
53,65
53,64
53,63
53,62
52,61
52,60
52,59
51,58
51,57
50,57
50,56
49,55
48,55
47,54
46,53
45,52
45,51
44,50
42,49
41,48
41,47
41,46
40,45
40,44
40,43
38,42
37,40
36,40
36,39
35,39
35,38
34,37
33,36
32,35
31,34
30,33
29,32
28,32
27,32
27,31
26,30
25,29
25,28
25,27
25,26
25,25
24,24
24,23
24,22
23,21
23,20
23,19
23,18
23,17
24,16
24,15
24,15
25,15
27,15
28,17
29,17
30,17
31,16
32,17
33,18
34,19
35,19
36,19
37,19
38,20
38,24
39,25
40,26
41,27
41,31
42,32
43,33
44,34
45,35
45,37
46,38
47,39
48,40
49,41
50,42
51,43
52,44
53,45
54,46
55,47
56,47
57,47
58,47
59,47
60,48
60,52
61,53
62,53
63,54
64,54
65,55
66,56
67,57
68,57
69,57
70,58
71,59
71,61
70,61
69,62
69,65
70,66
72,67
73,67
74,67
75,67
75,68
76,68
77,69
78,69
79,70
80,70
81,71
81,74
82,75
83,75
84,76
85,77
86,78
87,78
88,78
89,79
90,80
91,81
92,83
93,84
94,85
95,86
96,87
97,88
98,89
99,90
100,90
101,92
101,96
102,97
103,99
104,100
105,100
105,104
104,104
103,105
102,106
103,106
104,107
104,108
103,108
102,109
101,109
102,111
102,112
103,113
104,114
105,115
106,116
107,118
109,119
111,120
112,120
113,120
113,121
114,121
116,122
117,123
118,124
119,125
120,127
121,127
122,127
124,128
125,128
126,129
130,130
131,130
132,130
133,130
134,130
136,132
137,133
139,134
140,135
142,136
143,136
145,137
146,137
148,138
149,138
150,139
151,140
152,140
155,140
157,141
160,141
161,143
162,143
163,143
164,143
165,142
166,142
167,142
168,143
169,144
170,144
171,144
172,144
173,144
174,143
175,143
176,142
177,141
178,140
179,139
180,139
181,139
182,139
183,139
184,139
185,139
186,139
187,139
188,140
189,141
190,142
191,143
192,144
193,145
194,146
195,147
196,148
197,149
198,150
199,151
200,152
201,153
202,154
203,155
204,156
205,157
206,156
206,155
206,154
206,153
206,152
206,151
206,150
206,149
207,148
208,147
209,146
210,145
211,144
212,143
213,143
214,143
215,143
216,143
217,143
218,143
219,143
220,143
221,143
221,144
221,145
221,146
220,145
230,145
230,144
229,143
228,142
227,141
226,140
225,139
224,138
223,137
222,136
222,136
223,136
224,136
225,136
225,135
225,134
225,133
225,132
225,131
226,131
227,131
228,131
229,131
230,131
231,131
232,131
233,131
234,131
235,131
236,131
237,131
238,131
239,131
240,131
241,131
241,130
242,130
243,130
244,129
245,128
245,127
246,126
247,126
248,125
249,124
250,123
250,124
250,125
250,126
251,126
251,127
252,128
252,127
252,126
253,125
253,124
253,123
254,122
254,121
254,120
255,119
255,118
255,117
255,116
255,115
255,114
255,113
255,112
255,111
256,110
257,109
258,108
259,107
260,106
260,105
260,104
260,103
260,102
260,101
259,100
258,100
258,101
257,101
256,101
255,101
254,101
253,101
252,101
252,100
251,100
250,100
249,100
248,100
247,100
246,100
245,100
244,101
243,101
242,102
241,102
240,102
239,102
238,102
237,102
236,102
235,103
234,103
233,103
232,104
231,104
231,105
230,106
230,107
230,108
230,109
230,110
230,111
230,112
230,113
229,114
228,115
228,116
228,117
227,118
226,119
225,120
224,121
223,122
222,122
222,123
223,123
223,124
223,125
222,125
221,126
220,126
219,126
218,125
217,124
216,124
215,124
214,124
213,124
212,124
211,124
210,125
209,126
208,126
207,126
206,126
205,126
204,126
203,126
202,127
201,127
200,127
199,128
198,128
197,128
196,128
195,127
194,126
193,125
192,125
191,124
190,123
189,123
188,123
187,123
186,123
185,123
184,122
183,121
182,121
182,120
181,119
181,118
180,117
180,116
180,115
179,114
179,113
178,112
177,111
176,110
175,109
174,108
173,107
173,106
172,105
172,104
171,103
171,102
170,101
170,100
170,99
169,98
169,97
168,96
168,95
168,95
168,94
167,93
167,92
167,91
168,90
168,89
168,88
168,87
168,86
168,85
168,84
168,83
168,82
168,81
168,80
168,79
168,78
168,77
169,76
169,75
169,74
169,73
170,72
170,71
170,70
171,69
171,68
172,67
173,66
173,65
173,64
173,63
172,63
171,65
170,64
169,63
168,63
167,63
166,63
165,63
164,63
164,62
163,62
162,61
161,61
160,61
159,60
158,60
157,60
156,59
156,58
156,57
155,56
154,55
154,54
154,53
153,53
153,52
153,51
153,50
152,50
151,49
150,48
150,47
149,46
148,46
147,45
146,44
146,43
145,42
145,41
144,40
144,39
143,39
143,38
143,37
142,36
141,36
140,35
139,34
138,33
137,32
136,32
135,32
134,32
133,32
132,32
131,32
130,31
129,31
128,32
127,32
126,33
125,34
125,35
125,36
124,37
123,38
122,39
121,38
120,38
120,38
117,36
115,36
112,34
110,33
109,30
109,28
108,27
107,25
104,23
102,22
101,21
99,19
96,18
95,16
93,15
89,15
89,19
55,19
52,18
49,17
46,16
43,15
40,14
37,13
33,12
30,11
26,10
24,9
24,8
24,7
24,6
24,6
23,7
22,7
21,7
20,7
19,7
18,7
17,7
16,7
15,7
14,7
13,8
12,8
11,8
10,8
9,8
8,8
7,8
6,8
5,8
4,8